0.516810029793,0.599961105339,130.303870816
0.495577810467,0.571403479344,105.070641455
0.479914849157,0.610573677735,148.15752316
0.520282113032,0.534220778988,134.253034664
0.50191595836,0.601409334657,124.718841167
0.492979381899,0.612773416449,139.193342691
0.504799772374,0.543944030226,132.513017304
0.518609230297,0.548515791146,142.95391602
0.48790891982,0.601081701624,143.774674793
0.512450916684,0.607983540784,146.604575705
0.51303568832,0.60176071493,142.112729261
0.522658336608,0.622524418333,136.851315021
0.494746740402,0.541246923033,145.10354241
0.58302730438,0.622617808498,119.732218217
0.512161140237,0.535908683094,132.774713762
0.58373084384,0.614287733019,142.512830252
0.457668118263,0.533040254991,144.519813506
0.497667240507,0.601130239047,108.076750162
0.530527054242,0.601254504148,112.326616846
0.50672886999,0.60118196304,132.413135524
0.509861123158,0.54641857403,127.803196036
0.508177532453,0.610279380775,148.325275491
0.513784697995,0.62172278153,105.784223031
0.601212553321,0.601683907525,163.276413223
0.477678284534,0.531685447782,95.6348197907
0.506165786003,0.608056867763,153.314802251
0.523556388113,0.553222055832,115.245718737
0.517283992189,0.551858437012,124.918761014
0.459788697073,0.533629095074,118.114011548
0.493557469928,0.608445696193,153.157657295
0.443664296197,0.600675467046,122.85194755
0.517802379751,0.619942837437,134.821294084
0.513226178195,0.531722917427,128.594858054
0.472451761688,0.601082141213,115.252886171
0.509966584092,0.540497594049,151.20324042
0.524190216056,0.621043972928,140.90490608
0.524619532033,0.552277878409,128.925121583
0.577464690473,0.624367030513,138.444543348
0.504045308985,0.536348638809,96.1196965172
0.516972203052,0.53789439819,118.967462893
0.519990475913,0.532571938199,132.277172094
0.457975441809,0.536842137741,105.835307765
0.513963619483,0.601147789141,115.307973232
0.517105080774,0.532939871262,141.288510857
0.500074657602,0.601380558885,144.301467862
0.577533663688,0.624390748216,127.875794148
0.557321445002,0.611186533868,153.948619921
0.588760520228,0.628309257263,132.186362719
0.502269053015,0.601405491666,117.599107322
0.514528134788,0.53845225831,120.686291754
0.496478592842,0.601591604375,144.970047977
0.509309644135,0.547559690202,139.2358046
0.476273059375,0.627287084231,139.866336565
0.571800619476,0.621949547313,126.95444682
0.601031884041,0.603298562352,157.637911062
0.481855930705,0.600410346116,139.730438767
0.515650002131,0.532303468124,148.671519202
0.494068289216,0.532785478745,149.821724385
0.511754199712,0.564604932867,121.99580734
0.515615414818,0.621520402006,135.162286819
0.505414600961,0.601394187971,125.560570212
0.50981428047,0.550918350178,144.518548448
0.539319616165,0.601397872917,122.816241644
0.451833397557,0.601624934781,128.159792389
0.539790861287,0.60189275756,132.388354489
0.580973591366,0.602372423834,151.799528023
0.453561775761,0.534230556985,132.950590525
0.517677124485,0.544129353364,137.062800062
0.480101474185,0.601082037494,109.114459487
0.601111095238,0.610320907501,157.92544195
0.523147189424,0.551294416339,105.361774724
0.504694962338,0.539499950257,121.026396815
0.502441892669,0.600146707897,119.086563389
0.513714333851,0.600498950357,121.914999885
0.562431286523,0.62225798199,125.272068379
0.517226810991,0.610930984527,135.66494943
0.498291838093,0.532723831476,135.765815282
0.521425997148,0.62295007841,138.915032701
0.512780798763,0.600496718726,118.729108487
0.520575972153,0.534370127012,131.845628821
0.520214602251,0.537466000752,134.905004939
0.533754723437,0.600721380453,108.526115007
0.514263350582,0.60090719753,115.618239075
0.524676145284,0.539917680339,141.687569529
0.489076819724,0.530246345013,138.192363132
0.520794742336,0.553133169616,130.677556124
0.509964773153,0.600290034283,118.682985948
0.510469535813,0.60001275147,125.619320363
0.573191827405,0.609333707826,157.743410539
0.480543117771,0.5350129831,123.649285923
0.496741331743,0.600646289461,118.125952075
0.467478615368,0.532190966758,152.971632172
0.502120129659,0.553082776941,101.989509121
0.500390294939,0.608975843341,143.106801043
0.514662047369,0.625790789219,112.11483359
0.509893136599,0.627184811663,114.603161744
0.513774477581,0.533660935769,127.680222017
0.521738659388,0.600942438061,102.616960069
0.52033008527,0.550948976965,115.087586429
0.513534736139,0.536481836725,123.776936639