0.51640508408,0.550297836429,164.315719845
0.522256257984,0.539704720983,90.8029755271
0.515916027819,0.536746801274,96.1820972018
0.515647151768,0.535228916197,103.490009037
0.501624595634,0.541053958239,108.252685567
0.510613453816,0.535248390214,106.589741455
0.51722212445,0.539121195116,104.163772129
0.501198045343,0.552907575162,154.487887821
0.522974584715,0.533649434253,82.6599257595
0.510960726022,0.549928022123,163.269439521
0.510233253086,0.55505411336,144.595404867
0.507947809622,0.600205879822,142.787716393
0.515539784459,0.532202878396,108.979931929
0.522182078638,0.540921079903,131.710522764
0.578038859909,0.610218233248,158.113367925
0.513593007394,0.543455334649,109.01444609
0.51055332914,0.550733374461,154.524963768
0.499731581102,0.550368137762,159.740601283
0.519562066923,0.543097908779,91.2395550329
0.500887941009,0.550171681873,152.30218484
0.509125130602,0.609994485862,147.31962344
0.505230212515,0.550724779692,162.539351198
0.514911749543,0.536347597022,84.368785927
0.51698939406,0.53372869602,97.3812740667
0.49274242505,0.535944933427,128.236782398
0.519224969009,0.540917088587,87.6735624979
0.518831340228,0.542454500418,113.710156443
0.513090263186,0.531335922347,89.7780595491
0.521081312221,0.538782662709,118.713000046
0.510525323951,0.550112099683,143.687825633
0.509538381564,0.545026156626,94.8790701929
0.499767264458,0.550022105397,159.659294851
0.500551245894,0.536412693448,74.1980984128
0.485816990387,0.534536300076,107.528117492
0.495438210983,0.550546895065,151.385861078
0.514232289639,0.535076024207,107.83553666
0.564482744547,0.62255379149,161.778222814
0.493609234216,0.538561073492,84.4314932645
0.511386526274,0.539133464025,84.2902463867
0.518138955951,0.538239900321,98.0024313374
0.503292046108,0.550304513912,161.228049766
0.517011413883,0.535884756433,108.989850079
0.51622116646,0.537582256102,99.2663075381
0.499029194746,0.55039274918,150.888645814
0.444069795699,0.536383448115,97.7995842893
0.468541363627,0.547099135911,95.1247374119
0.496367681108,0.536977409092,89.5900355778
0.520346641762,0.534673026729,139.674797242
0.503145104008,0.550037883779,143.935995566
0.505734169249,0.550365239539,164.225114275
